# GNSS Interseismic Velocities — North America-Fixed Reference Frame
# Euler pole used: ITRF2014 — Altamimi et al. (2017), ITRF2014
# Pole lat=-0.248° lon=-80.314° omega=0.1860 deg/Myr
# NA-fixed velocity = ITRF velocity − Euler-predicted NA plate motion
# All velocities in mm/yr; uncertainties are 1-sigma formal errors
#
# station        lat        lon        Ve   Ve_sig        Vn   Vn_sig        Vu   Vu_sig   Ve_pred   Vn_pred   n_obs
# ---------------------------------------------------------------------------------------------------------
  albh       48.3898  -123.4875   +3.5348   0.0250   +6.3697   0.0179   +0.6706   0.0537  -11.3368  -14.1509    5833
  arli       48.1741  -122.1419   +1.9173   0.0193   +4.8087   0.0165   +0.1880   0.0679  -11.5438  -13.7928    5544
  asbu       43.8206  -121.3685   -2.5072   0.0227   +6.1694   0.0211   -0.8138   0.0820  -10.8633  -13.5835    4353
  ashl       42.1807  -122.6702   -5.1711   0.0242   +8.7768   0.0250   +0.1386   0.0610  -10.3287  -13.9343    4372
  bamf       48.8353  -125.1351   +7.5489   0.0277   +9.0452   0.0253   +1.5303   0.0669  -11.1028  -14.5787    5809
  bcov       50.5443  -126.8426   -0.2313   0.0223   +4.7131   0.0284   +2.2589   0.0705  -11.0434  -15.0094    5800
  beli       48.7553  -122.4790   +1.8528   0.0207   +4.2058   0.0233   -0.0100   0.0650  -11.5855  -13.8832    5783
  bend       44.0572  -121.3152   -1.9205   0.0209   +5.6334   0.0180   -0.9277   0.0613  -10.9182  -13.5690    5237
  bils       47.5393  -124.2525  +10.8170   0.0486  +11.7582   0.0455   -0.7927   0.0947  -11.0475  -14.3510    4837
  bly1       42.4068  -121.0491   -5.2238   0.0214   +6.4369   0.0218   -0.1566   0.0692  -10.6348  -13.4963    3979
  blyn       48.0161  -122.9275   +1.0037   0.3001   +8.4165   0.2768  -38.9186   1.9059  -11.3739  -14.0028     914
  bpeb       50.1567  -127.7717   +2.4171   0.0654   +6.9535   0.0745   +2.9454   0.1851  -10.7941  -15.2381    1585
  brn3       49.2699  -123.0156   +2.3388   0.0364   +5.1363   0.0393   -1.1734   0.1451  -11.5762  -14.0262    2507
  cabl       42.8361  -124.5633   +3.2992   0.0185  +15.9884   0.0181   +1.0323   0.0480  -10.1383  -14.4316    5769
  cacc       41.7456  -124.1843   -1.1903   0.0234  +14.1116   0.0241   +2.3013   0.0611   -9.9942  -14.3333    4337
  cath       46.1973  -123.3673   +3.2676   0.0227   +9.1656   0.0234   +1.2742   0.0706  -10.9693  -14.1192    5658
  chcm       48.0106  -122.7759   +2.6884   0.0253   +5.7574   0.0208   -0.4766   0.0587  -11.4005  -13.9624    5633
  chem       43.2244  -121.7858   -3.3733   0.0173   +6.5557   0.0230   +0.0976   0.0624  -10.6782  -13.6967    4880
  chlw       49.1435  -121.9952   +1.8421   0.0702   +5.7111   0.0486   -0.5229   0.1254  -11.7416  -13.7533    3018
  chwk       49.1566  -122.0084   +0.7304   0.0224   +3.8863   0.0178   +0.2728   0.0706  -11.7414  -13.7568    5711
  chzz       45.4865  -123.9781   +5.1046   0.0275  +11.1426   0.0205   +0.5230   0.0648  -10.7315  -14.2795    5659
  cihl       43.7509  -121.1487   -3.0049   0.0271   +5.7098   0.0189   +0.4413   0.0721  -10.8857  -13.5236    4799
  clcv       42.9760  -122.0894   -3.9118   0.0249   +9.0787   0.0296   -0.3861   0.0759  -10.5798  -13.7786    4690
  clhq       42.8959  -122.1360   -3.1133   0.0624   +7.0184   0.0606   +1.3592   0.2676  -10.5565  -13.7912    4552
  clms       42.9229  -122.0163   -3.1886   0.0615   +6.5625   0.0655   +0.3107   0.1127  -10.5814  -13.7590    2933
  clrs       48.8203  -124.1309   +4.2584   0.0266   +6.2569   0.0181   +1.4725   0.0566  -11.2909  -14.3193    5787
  clwz       42.9343  -122.1492   -3.1523   0.0526   +7.4850   0.0445   -0.8605   0.1242  -10.5619  -13.7947    4182
  cme5       40.4418  -124.3963   -8.3851   0.0294  +33.0694   0.0324   -2.9239   0.0824   -9.7053  -14.3883    3256
  cme6       40.4414  -124.3963   -9.0822   0.0348  +33.4526   0.0392   -2.7941   0.0788   -9.7053  -14.3883    3294
  cncr       48.5387  -121.7493   +0.8678   0.0192   +3.7936   0.0268   -0.1933   0.0961  -11.6791  -13.6868    5738
  corv       44.5855  -123.3046   +1.4115   0.0216   +8.9577   0.0192   -0.1035   0.0580  -10.6834  -14.1027    5841
  coug       46.0592  -122.2608   +0.7584   0.0354   +5.5794   0.0374   -1.6807   0.1345  -11.1385  -13.8247    2703
  coup       48.2173  -122.6856   +2.8580   0.0351   +5.8120   0.0271   -1.0355   0.0637  -11.4534  -13.9384    5475
  cpco       43.7221  -121.2332   -2.7931   0.0495   +5.8828   0.0454   -0.1059   0.2164  -10.8662  -13.5466    3132
  cpxf       46.8401  -122.2565   +1.3563   0.0262   +6.2261   0.0249   -1.3581   0.0634  -11.2828  -13.8236    5281
  cpxx       46.8401  -122.2565   +2.0890   0.0314   +6.0544   0.0177   -1.3668   0.0576  -11.2828  -13.8236    5682
  crok       46.2746  -122.9125   +1.8785   0.0225   +8.2371   0.0275   -0.1271   0.0696  -11.0639  -13.9988    5654
  cshq       46.8707  -121.7324   +0.4955   0.0537   +6.1433   0.0480   +0.5937   0.1029  -11.3802  -13.6823    2672
  cski       47.3806  -122.2358   +0.9756   0.0227   +5.8755   0.0171   -1.5299   0.0577  -11.3846  -13.8180    5685
  ctpt       42.3767  -122.8940   -4.5721   0.0260   +9.6197   0.0189   -0.3491   0.0575  -10.3304  -13.9939    3700
  culm       47.9754  -121.6869   +0.8617   0.0335   +4.7389   0.0381   -1.2990   0.2107  -11.5893  -13.6699    2865
  cush       47.4233  -123.2199   +4.3581   0.0249   +7.4967   0.0217   -0.9044   0.0808  -11.2159  -14.0803    5599
  cvo1       45.6109  -122.4961   +1.4171   0.0324   +7.4156   0.0224   -1.3192   0.0755  -11.0145  -13.8878    3756
  ddsn       43.1188  -123.2442   -2.3140   0.0204   +9.2251   0.0181   -0.1603   0.0525  -10.4158  -14.0867    5806
  deej       47.4688  -123.9261   +7.8880   0.0272  +10.4503   0.0390   +2.4415   0.0795  -11.0953  -14.2659    4627
  eliz       49.8731  -127.1227   +5.3608   0.0221   +6.9826   0.0196   +1.0423   0.0550  -10.8813  -15.0787    5741
  elsr       47.4976  -122.7606   +3.2745   0.0326   +6.4625   0.0175   -0.9749   0.0570  -11.3120  -13.9584    5567
  enum       47.2062  -121.9556   +1.3649   0.0247   +6.1591   0.0337   -0.9661   0.0761  -11.4025  -13.7426    4819
  fts5       46.2049  -123.9561   +7.6011   0.0303  +10.8056   0.0220   +0.8950   0.0599  -10.8653  -14.2738    3180
  gasb       39.6547  -122.7159  -12.8334   0.0631   +9.3136   0.0545   +1.6043   0.2263   -9.8151  -13.9465    1881
  gldr       49.6815  -126.1273   +4.2980   0.0208   +5.9491   0.0245   +3.0397   0.0728  -11.0490  -14.8305    4683
  glwd       46.0198  -121.2886   -0.5143   0.0315   +5.5563   0.0344   -3.5264   0.1016  -11.2984  -13.5617    3767
  grmd       46.7955  -123.0226   +2.9506   0.0252   +7.1159   0.0209   -0.5946   0.0618  -11.1389  -14.0280    5685
  gtps       42.4345  -123.2974   -4.4480   0.0255  +10.3126   0.0230   -0.2930   0.0753  -10.2750  -14.1007    5377
  gwn5       45.7826  -121.3276   +0.3690   0.0360   +5.2658   0.0273   -1.9657   0.0820  -11.2471  -13.5723    3281
  gwn6       45.7826  -121.3273   -0.1847   0.0324   +4.7874   0.0279   -2.0719   0.0910  -11.2471  -13.5723    3157
  hahd       47.2908  -121.7881   +0.7948   0.0220   +5.7281   0.0224   -2.5166   0.0678  -11.4474  -13.6973    4829
  hcro       40.8159  -121.4699   -8.9190   0.0223   +7.2913   0.0184   +0.4098   0.0703  -10.2461  -13.6111    5018
  holb       50.6404  -128.1350   -0.1264   0.0320   +4.0973   0.0209   +1.6849   0.0529  -10.7939  -15.3265    5697
  husb       44.1195  -121.8494   -3.2424   0.0353   +8.9004   0.0356   +5.6129   0.1076  -10.8418  -13.7139    4834
  jime       45.5231  -122.9905   +2.0851   0.0269   +9.4347   0.0302   -0.4872   0.0834  -10.9122  -14.0195    5017
  jobo       48.5624  -122.4373   +1.6939   0.0265   +5.3049   0.0259   -0.4817   0.0876  -11.5592  -13.8720    4097
  jro1       46.2751  -122.2176   +1.3855   0.0271   +7.7093   0.0814   -0.1242   0.0789  -11.1859  -13.8131    5438
  kfrc       42.2242  -121.7839   -5.4165   0.0216   +7.2586   0.0203   -1.0663   0.0732  -10.4809  -13.6962    5120
  ktbw       47.5473  -122.7954   +2.9551   0.0261   +6.3396   0.0317   -1.2069   0.0524  -11.3146  -13.9677    5780
  kwbu       43.7524  -121.3120   -2.9032   0.0289   +6.0708   0.0248   -1.0247   0.0990  -10.8593  -13.5681    4401
  lapn       43.6646  -121.5060   -2.7351   0.0179   +6.1235   0.0174   -1.7750   0.0809  -10.8103  -13.6209    4203
  lcso       44.6344  -123.1067   +1.6164   0.0216   +8.5824   0.0190   +0.5359   0.0538  -10.7266  -14.0503    4623
  lflo       43.9836  -124.1077   +2.7347   0.0255  +11.4468   0.0292   -1.4775   0.0497  -10.4319  -14.3133    4993
  lkcp       47.9444  -121.8309   +1.1702   0.0249   +4.8783   0.0202   -1.5821   0.0677  -11.5582  -13.7089    5322
  lngb       47.2188  -122.7583   +2.4434   0.0284   +6.6082   0.0195   -0.9848   0.0611  -11.2624  -13.9578    3251
  lpsb       44.0512  -123.0901   -0.2450   0.0249   +8.5832   0.0178   -0.4942   0.0536  -10.6196  -14.0459    4977
  lsig       47.6952  -121.6896   +0.8216   0.0182   +4.9974   0.0225   -2.3831   0.0671  -11.5382  -13.6707    5705
  lwck       46.2781  -124.0538   +7.8915   0.0239  +12.2071   0.0229   +1.5530   0.0668  -10.8609  -14.2993    4512
  mcso       44.9738  -122.9557   +1.7544   0.0299   +8.4781   0.0290   +0.0743   0.0669  -10.8162  -14.0103    5445
  mdmt       42.4183  -121.2216   -5.1101   0.0180   +6.4571   0.0210   -1.0572   0.0773  -10.6097  -13.5435    5694
  mdrs       44.6640  -121.1304   -1.4874   0.0179   +5.3352   0.0188   -1.4509   0.0573  -11.0665  -13.5186    4018
  mhtl       45.3287  -121.7112   +0.0506   0.0271   +5.9378   0.0248   -0.5508   0.1012  -11.0961  -13.6765    5649
  mkah       48.3707  -124.5892   +7.5083   0.0253   +9.0298   0.0235   +1.3260   0.0713  -11.1280  -14.4383    5518
  mrib       49.4670  -123.9141   +2.3546   0.0371   +5.3112   0.0399   +1.8741   0.1533  -11.4414  -14.2628    2496
  mrsd       46.7853  -121.7420   +0.7997   0.0473   +5.4242   0.0505   -1.7566   0.1523  -11.3628  -13.6849    1299
  muir       46.8356  -121.7332  +19.5969   0.3940  +16.4690   0.3035   -2.9296   0.1338  -11.3736  -13.6825    1594
  nano       49.2948  -124.0865   +3.2185   0.0205   +6.0938   0.0187   +1.4921   0.0504  -11.3798  -14.3078    5838
  neah       48.2979  -124.6249   +8.3342   0.0281   +9.7290   0.0253   +2.9878   0.0882  -11.1089  -14.4475    5024
  nint       47.4951  -121.7971   -0.0707   0.0447   +5.5154   0.0299   -2.3543   0.0771  -11.4830  -13.6998    5688
  norm       43.7389  -121.2527   -2.9136   0.0301   +6.0917   0.0266   +0.1079   0.0952  -10.8663  -13.5520    3815
  ntka       49.5924  -126.6166   +6.1610   0.0199   +8.0249   0.0171   +3.1821   0.0584  -10.9378  -14.9531    5477
  oakr       43.7383  -122.4446   -1.3262   0.0197   +7.6470   0.0160   -1.1944   0.0550  -10.6690  -13.8740    5235
  obec       44.0660  -123.0981   -0.3087   0.0251   +8.4763   0.0206   +0.0144   0.0584  -10.6211  -14.0480    3804
  obsr       46.8998  -121.8154   +1.2468   0.0606   +5.8320   0.0385   -0.6660   0.0599  -11.3711  -13.7047    5716
  ocen       46.9524  -124.1597  +10.9754   0.0165  +13.9108   0.0159   +0.8504   0.0524  -10.9616  -14.3269    5605
  odot       44.8967  -123.0008   +1.4947   0.0279   +8.3176   0.0262   +0.2204   0.0812  -10.7940  -14.0222    3352
  olar       46.9612  -122.9085   +2.4119   0.0252   +7.9518   0.0244   -0.4297   0.0644  -11.1892  -13.9977    3974
  olmp       47.0448  -122.8952   +3.2657   0.0305   +7.8283   0.0231   -2.0389   0.0639  -11.2066  -13.9942    4909
  onab       44.5145  -124.0745   +4.8787   0.0224  +11.6374   0.0162   -0.7829   0.0537  -10.5363  -14.3047    5275
  orsb       44.6253  -124.0488   +6.3180   0.0342  +11.7398   0.0251   -3.3033   0.0839  -10.5612  -14.2980    3238
  orvb       39.5546  -121.5003  -12.6271   0.0232   +9.4186   0.0178   +1.0603   0.0999   -9.9809  -13.6193    5739
  oylr       47.4746  -122.2048   +1.4085   0.0361   +5.5625   0.0257   -2.3912   0.0682  -11.4071  -13.8097    4022
  p058       40.8763  -124.0754   -1.1886   0.0164  +18.9705   0.0135   +0.5225   0.0549   -9.8430  -14.3049    5791
  p060       40.9976  -122.4149   -8.8658   0.0217   +8.7190   0.0189   +0.0660   0.0754  -10.1346  -13.8660    5658
  p061       42.9674  -124.0140   -1.0224   0.0348  +11.7641   0.0251   -0.0325   0.0807  -10.2568  -14.2889    2178
  p062       43.1124  -121.0907   -4.0283   0.0151   +5.9695   0.0140   -0.0519   0.0555  -10.7691  -13.5077    5844
  p064       47.9698  -123.4877   +4.4376   0.0355   +6.6514   0.0393   +1.2440   0.0845  -11.2635  -14.1509    3032
  p154       41.8071  -123.3601   -4.8246   0.0194  +10.7110   0.0202   +0.9380   0.0598  -10.1425  -14.1173    5806
  p155       41.2724  -123.1888   -6.4691   0.0203  +10.6666   0.0202   -0.1151   0.0574  -10.0652  -14.0720    5733
  p156       40.0244  -123.9061  -22.9984   0.0276  +26.5480   0.0240   -1.5411   0.0779   -9.7020  -14.2607    5288
  p157       40.2475  -124.3081  -22.3610   0.0208  +34.5780   0.0212   +1.2553   0.0529   -9.6815  -14.3654    5722
  p158       40.4225  -124.1072   -8.1574   0.0181  +24.6287   0.0241   +4.4571   0.0670   -9.7485  -14.3132    5745
  p159       40.5048  -124.2828   -5.4790   0.0203  +28.6049   0.0227   -0.7002   0.0491   -9.7362  -14.3589    5577
  p160       40.5513  -124.1333   -5.4492   0.0191  +23.2459   0.0154   +0.6218   0.0527   -9.7697  -14.3200    5798
  p161       40.6374  -124.2131   -2.1820   0.0184  +23.4653   0.0162   -1.3841   0.0583   -9.7736  -14.3407    5807
  p162       40.6911  -124.2370   -0.6755   0.0188  +23.1911   0.0146   -1.4471   0.0509   -9.7802  -14.3470    5669
  p163       40.2196  -124.0573  -17.6672   0.0190  +27.0821   0.0221   +1.8214   0.0544   -9.7165  -14.3002    5833
  p164       40.1193  -123.6933  -17.4326   0.0163  +18.2513   0.0175   +0.0504   0.0488   -9.7549  -14.2050    5718
  p165       40.2455  -123.8533  -14.4645   0.0172  +20.2827   0.0193   +1.2176   0.0580   -9.7544  -14.2469    5781
  p166       40.4352  -123.8628   -8.7497   0.0171  +18.8652   0.0173   +0.7790   0.0552   -9.7905  -14.2494    5786
  p167       40.5437  -123.8802   -6.8604   0.0168  +17.9506   0.0189   +0.9672   0.0521   -9.8092  -14.2539    5828
  p168       40.6686  -123.8815   -4.0657   0.0180  +16.5989   0.0214   +2.4284   0.0603   -9.8337  -14.2542    5655
  p169       40.7911  -123.9677   -2.4348   0.0161  +17.9138   0.0133   +1.5348   0.0497   -9.8438  -14.2768    5844
  p170       40.8802  -123.8633   -4.7550   0.0252  +14.1912   0.0315   +2.2285   0.0755   -9.8783  -14.2495    4425
  p179       42.0990  -123.6856   -3.6125   0.0229  +11.3264   0.0205   +0.3104   0.0579  -10.1455  -14.2029    5716
  p191       42.2754  -123.6323   -3.7984   0.0195  +11.1000   0.0199   +0.0606   0.0534  -10.1885  -14.1889    5766
  p312       39.5292  -123.6984  -25.5701   0.0262  +26.6654   0.0201   -1.9946   0.1204   -9.6358  -14.2063    5576
  p313       39.5543  -123.5645  -24.6250   0.0215  +24.1358   0.0247   -1.6337   0.0842   -9.6620  -14.1711    5452
  p314       39.6857  -123.5818  -24.9911   0.0200  +21.8091   0.0174   -0.6184   0.0447   -9.6857  -14.1757    5828
  p315       39.8636  -123.7169  -24.2004   0.0198  +22.4549   0.0199   +0.8551   0.0671   -9.7000  -14.2111    5766
  p316       41.5591  -124.0861   -3.2226   0.0214  +13.2441   0.0266   -1.3803   0.0679   -9.9744  -14.3077    4572
  p317       39.9057  -123.5518  -20.5858   0.0202  +16.4630   0.0202   -0.7440   0.0551   -9.7347  -14.1678    5781
  p319       39.7071  -123.2951  -20.1727   0.0203  +12.1912   0.0486   +1.5512   0.0717   -9.7352  -14.1001    5368
  p321       39.8972  -123.3949  -17.5661   0.0202  +18.1444   0.0179   -0.4536   0.0567   -9.7578  -14.1265    5778
  p322       39.9621  -123.1825  -13.7558   0.0206   +9.6822   0.0182   +0.5888   0.0541   -9.8045  -14.0704    5682
  p324       40.2568  -123.6557  -13.7593   0.0184  +16.4221   0.0149   +0.1185   0.0537   -9.7884  -14.1951    5780
  p325       41.1517  -123.8826   -3.3036   0.0185  +12.3676   0.0185   +2.1839   0.0507   -9.9285  -14.2545    5614
  p326       40.5753  -123.6989   -8.9146   0.0164  +11.8899   0.0159   +1.4561   0.0568   -9.8447  -14.2064    5843
  p327       40.4789  -123.5731  -10.8190   0.0234  +11.4224   0.0212   +0.7789   0.0561   -9.8458  -14.1734    5825
  p329       40.0822  -123.4520  -16.9262   0.0192  +14.7955   0.0169   +0.2914   0.0573   -9.7859  -14.1415    5367
  p330       40.3241  -123.1356  -11.9768   0.0269   +9.7684   0.0187   +0.2649   0.0599   -9.8848  -14.0580    5424
  p331       40.7329  -123.3241   -8.7202   0.0222  +10.2822   0.0183   +0.4451   0.0586   -9.9364  -14.1078    5392
  p332       40.5467  -123.1745  -10.4613   0.0197  +10.0895   0.0170   +0.3657   0.0588   -9.9232  -14.0683    5722
  p333       39.6214  -122.9758  -14.0505   0.0288  +10.1635   0.0228   -0.1707   0.0644   -9.7679  -14.0156    4978
  p335       39.7262  -122.8736  -13.5982   0.0293   +9.9792   0.0272   -0.2457   0.0598   -9.8051  -13.9885    5146
  p336       39.5281  -122.4305  -12.4793   0.0175   +8.7793   0.0156   -0.0917   0.0535   -9.8333  -13.8702    5174
  p337       40.2962  -122.8688  -11.7184   0.0246   +8.9344   0.0247   -0.0919   0.0631   -9.9214  -13.9872    5519
  p338       40.7476  -122.9230   -9.5670   0.0219   +9.4213   0.0172   -0.1824   0.0690  -10.0035  -14.0016    5750
  p339       40.0341  -122.6682  -11.9824   0.0192   +9.1050   0.0184   +0.5818   0.0590   -9.8998  -13.9338    5530
  p341       40.6507  -122.6069  -10.2991   0.0210   +8.8171   0.0246   +0.7621   0.0717  -10.0343  -13.9174    5677
  p343       40.8871  -123.3342   -7.7121   0.0205  +10.9412   0.0198   +0.1766   0.0554   -9.9654  -14.1105    5572
  p344       39.9291  -122.0280  -12.5519   0.0184   +8.9056   0.0139   +0.0109   0.0617   -9.9778  -13.7621    5816
  p345       40.2712  -122.2708  -11.5542   0.0174   +8.6263   0.0148   -0.1402   0.0653  -10.0102  -13.8274    5768
  p348       40.9055  -121.8280   -9.3275   0.0246   +7.6559   0.0180   +0.2018   0.0713  -10.2085  -13.7081    5454
  p349       40.7311  -122.3194  -10.2281   0.0211   +8.3261   0.0191   +0.7325   0.0984  -10.0959  -13.8404    5796
  p362       42.2091  -124.2258   -1.4638   0.0199  +12.4281   0.0153   +2.2942   0.0449  -10.0764  -14.3440    5821
  p363       42.8601  -124.0540   -0.9660   0.0312  +11.8002   0.0304   +0.3415   0.0717  -10.2296  -14.2993    2746
  p364       43.0903  -124.4093   +2.8934   0.0161  +13.8561   0.0139   +1.9063   0.0440  -10.2126  -14.3917    5785
  p365       43.3955  -124.2535   +1.7677   0.0176  +12.4389   0.0148   +0.8779   0.0464  -10.2967  -14.3512    5781
  p366       43.6143  -123.9796   +1.0150   0.0223  +11.2990   0.0192   +0.1838   0.0499  -10.3849  -14.2799    5806
  p367       44.5852  -124.0616   +4.8600   0.0193  +11.3187   0.0150   -0.4863   0.0446  -10.5516  -14.3013    5832
  p368       42.5035  -123.3834   -3.9587   0.0180  +10.0536   0.0172   +0.0411   0.0515  -10.2740  -14.1234    5414
  p369       43.1401  -123.4295   -2.0282   0.0216   +9.9179   0.0206   -0.5859   0.0653  -10.3887  -14.1356    3799
  p370       42.1910  -122.6564   -4.7348   0.0208   +8.8846   0.0229   +0.1425   0.0537  -10.3330  -13.9306    5840
  p371       43.3633  -123.0579   -1.8917   0.0186   +8.7675   0.0150   -0.4042   0.0493  -10.4940  -14.0374    5799
  p373       43.6225  -123.3333   -1.1051   0.0178  +10.0077   0.0230   -0.3604   0.0462  -10.4970  -14.1102    5695
  p374       44.3819  -123.5906   +1.8957   0.0197   +9.9927   0.0202   +0.0897   0.0513  -10.5959  -14.1780    5797
  p375       44.6893  -123.4270   +2.3543   0.0176   +9.5750   0.0190   +0.5463   0.0513  -10.6815  -14.1349    5843
  p376       44.9412  -123.1023   +1.8128   0.0196   +8.7305   0.0161   +0.3993   0.0522  -10.7848  -14.0491    5819
  p377       44.0521  -122.8871   -0.1403   0.0195   +7.8040   0.0154   -0.2683   0.0479  -10.6544  -13.9920    5821
  p378       44.5350  -122.9309   +1.3434   0.0195   +8.4865   0.0169   -0.2087   0.0455  -10.7382  -14.0037    5802
  p380       42.2597  -121.7797   -5.2148   0.0160   +7.0968   0.0166   -0.0491   0.0520  -10.4886  -13.6951    5809
  p382       43.1771  -121.7696   -3.4695   0.0187   +6.7430   0.0152   -0.2998   0.0625  -10.6716  -13.6923    5773
  p383       44.3422  -122.2172   -0.6922   0.0190   +6.9717   0.0170   -0.9279   0.0508  -10.8229  -13.8130    5723
  p384       44.8411  -122.4828   +0.6827   0.0181   +7.6282   0.0188   -0.3920   0.0566  -10.8726  -13.8842    5336
  p385       44.4348  -121.9458   -0.6175   0.0259   +6.8187   0.0321   -2.2830   0.0834  -10.8863  -13.7400    5781
  p387       44.2968  -121.5745   -1.3633   0.0228   +5.9309   0.0173   -1.0188   0.0668  -10.9218  -13.6395    5792
  p395       45.0223  -123.8575   +4.3856   0.0211  +10.9653   0.0200   +0.4189   0.0533  -10.6679  -14.2480    5826
  p396       45.3095  -123.8229   +4.3427   0.0272  +10.7799   0.0181   -0.2907   0.0618  -10.7267  -14.2389    5684
  p397       46.4216  -123.7992   +5.5512   0.0251   +9.7453   0.0180   +0.6326   0.0476  -10.9325  -14.2327    5713
  p398       46.9258  -123.9161   +8.0177   0.0225  +10.7397   0.0178   +0.6108   0.0645  -11.0013  -14.2633    5840
  p399       47.4339  -123.6130   +6.0226   0.0274   +7.8097   0.0232   +0.7412   0.0645  -11.1464  -14.1839    4701
  p400       47.5133  -123.8125   +7.0749   0.0267   +8.5307   0.0287   +0.7336   0.0930  -11.1239  -14.2362    5359
  p401       47.9372  -124.5570  +12.7262   0.0162  +11.3385   0.0152   +1.0244   0.0428  -11.0598  -14.4299    5830
  p402       47.7662  -124.3059  +11.3192   0.0165  +11.3705   0.0154   +2.1931   0.0452  -11.0771  -14.3649    5834
  p403       48.0623  -124.1409   +7.3563   0.0340   +9.4938   0.0350   +2.2332   0.0796  -11.1590  -14.3219    5485
  p404       45.1585  -123.3903   +2.6346   0.0162  +10.1294   0.0274   -0.2468   0.0475  -10.7750  -14.1253    5840
  p405       45.6293  -123.6438   +4.4401   0.0216  +10.5292   0.0221   -1.1837   0.0488  -10.8169  -14.1920    5303
  p406       45.1904  -123.1523   +2.2645   0.0179   +8.8995   0.0184   -0.4444   0.0461  -10.8224  -14.0624    5843
  p407       45.9546  -123.9310   +9.1946   0.0302  +10.2880   0.0182   +0.9227   0.0556  -10.8248  -14.2672    5750
  p408       46.2005  -123.3766   +3.4464   0.0183   +8.7215   0.0207   -0.9408   0.0544  -10.9682  -14.1216    5774
  p409       45.8513  -123.2395   +3.0523   0.0165   +8.9708   0.0204   -0.0858   0.0509  -10.9289  -14.0854    4945
  p410       46.1111  -123.0786   +2.7653   0.0189   +8.4979   0.0167   -1.2531   0.0501  -11.0048  -14.0429    5764
  p411       45.5380  -123.1574   +2.5628   0.0192   +8.6176   0.0202   -0.7851   0.0521  -10.8858  -14.0637    4610
  p412       45.2211  -122.5891   +1.2370   0.0181   +7.8840   0.0144   -0.8544   0.0457  -10.9257  -13.9126    5627
  p414       45.8349  -122.6928   +1.9173   0.0200   +7.8267   0.0139   -1.1275   0.0481  -11.0218  -13.9403    5837
  p415       46.6560  -123.7299   +5.2367   0.0271   +9.9055   0.0175   +0.1957   0.0519  -10.9870  -14.2145    5571
  p416       47.0399  -121.5969   +0.6652   0.0183   +5.3314   0.0193   -1.0132   0.0512  -11.4349  -13.6456    5162
  p417       46.5747  -123.2979   +3.3353   0.0184   +8.4542   0.0215   -0.7796   0.0529  -11.0499  -14.1009    5699
  p418       47.2366  -123.4078   +4.5681   0.0206   +7.7665   0.0183   -0.4293   0.0517  -11.1487  -14.1299    5842
  p419       47.4093  -123.3665   +4.3845   0.0247   +7.1451   0.0225   +0.1439   0.0610  -11.1869  -14.1190    4866
  p420       46.5886  -122.8663   +2.1498   0.0200   +7.5869   0.0175   -1.3170   0.0457  -11.1293  -13.9865    5682
  p421       46.5319  -122.4292   +1.6157   0.0225   +7.2487   0.0169   -1.0626   0.0586  -11.1961  -13.8699    5841
  p423       47.2879  -122.9412   +3.1586   0.0204   +7.4692   0.0189   -0.3915   0.0551  -11.2420  -14.0064    5465
  p424       47.8232  -122.8747   +3.3671   0.0247   +6.2487   0.0209   -0.1928   0.0568  -11.3494  -13.9887    5689
  p425       46.4527  -122.8454   +2.4321   0.0213   +7.8530   0.0181   -1.7934   0.0498  -11.1083  -13.9810    5793
  p426       47.8027  -122.5146   +2.5910   0.0264   +5.4632   0.0191   -1.4593   0.0661  -11.4107  -13.8927    4573
  p427       45.4302  -122.3406   +0.7922   0.0195   +7.2505   0.0137   -1.5877   0.0465  -11.0076  -13.8461    5843
  p429       45.6761  -121.8774   +0.2517   0.0197   +6.5573   0.0162   -1.3824   0.0551  -11.1332  -13.7215    5799
  p430       47.0038  -123.4362   +4.5282   0.0336   +8.1573   0.0291   -1.0871   0.0788  -11.1021  -14.1374    2286
  p431       46.5721  -121.9885   +1.3803   0.0241   +6.6240   0.0242   -1.3122   0.0553  -11.2806  -13.7514    5461
  p432       46.6229  -121.6832   +0.6514   0.0198   +5.8203   0.0208   -1.1803   0.0590  -11.3430  -13.6690    5795
  p434       47.7402  -121.0756   +0.2533   0.0167   +4.1095   0.0175   -0.6865   0.0519  -11.6541  -13.5036    5763
  p435       48.0595  -123.5033   +4.5346   0.0226   +6.8071   0.0289   +0.0428   0.0618  -11.2764  -14.1550    5726
  p436       48.0453  -123.1343   +3.2460   0.0247   +6.1271   0.0195   +0.1089   0.0623  -11.3414  -14.0576    5162
  p437       48.0018  -122.4592   +2.5569   0.0230   +5.6641   0.0185   -1.3506   0.0524  -11.4561  -13.8779    5842
  p438       48.4191  -122.6703   +2.2553   0.0244   +4.9382   0.0166   -1.0039   0.0471  -11.4917  -13.9343    3900
  p439       48.7082  -122.9093   +2.7014   0.0218   +5.6849   0.0207   -0.6437   0.0464  -11.4986  -13.9979    5823
  p440       48.8562  -122.4933   +1.6734   0.0174   +4.6681   0.0167   -0.7861   0.0546  -11.6006  -13.8870    5321
  p441       48.9160  -122.1396   +1.1102   0.0178   +4.1680   0.0203   -0.2714   0.0603  -11.6754  -13.7922    5381
  p442       48.2605  -121.6155   +0.8689   0.0243   +4.3180   0.0273   -1.4515   0.0801  -11.6532  -13.6506    3779
  p443       48.5096  -121.2856   +0.9265   0.0249   +4.9800   0.0417   +0.3251   0.0647  -11.7565  -13.5609    3788
  p444       48.7302  -121.0675   +0.2428   0.0250   +3.8551   0.0290   -0.6588   0.0911  -11.8347  -13.5014    3634
  p446       46.1157  -122.8928   +2.3205   0.0191   +7.8204   0.0173   -1.6213   0.0485  -11.0384  -13.9936    5843
  p655       41.2945  -122.2063   -7.8318   0.0262   +7.9887   0.0245   +0.8360   0.1029  -10.2274  -13.8101    5174
  p656       41.3448  -122.1958   -7.7612   0.0547   +8.4793   0.0980   +1.3390   0.2255  -10.2391  -13.8073    2507
  p657       41.3812  -122.2938   -7.1929   0.0260   +8.1981   0.0189   -0.0938   0.0830  -10.2308  -13.8336    5802
  p658       41.4792  -122.1909   -7.2253   0.0274   +7.9661   0.0423   +0.3825   0.0928  -10.2669  -13.8060    5108
  p659       41.4537  -122.0927   -7.0321   0.0382   +8.1150   0.0424   +1.6092   0.1232  -10.2774  -13.7795    4294
  p660       41.4096  -122.0677   -7.5472   0.0510   +7.3419   0.0430   +0.5592   0.1392  -10.2725  -13.7728    3810
  p661       41.4636  -122.3127   -7.0573   0.0229   +8.1885   0.0192   +0.2485   0.0725  -10.2443  -13.8386    4677
  p663       41.5319  -122.1529   -7.0611   0.0303   +7.9134   0.0232   +0.0309   0.0935  -10.2835  -13.7957    5043
  p664       40.4732  -121.4959   -9.6171   0.0429   +9.7795   0.0588   -6.7187   0.1525  -10.1717  -13.6181    3362
  p665       40.4561  -121.5258   -7.6826   0.0348  +11.0018   0.0401   -6.1362   0.1307  -10.1636  -13.6262    3278
  p666       40.4653  -121.5145   -8.4061   0.0311  +11.2757   0.0304   -7.4480   0.1021  -10.1673  -13.6232    4246
  p667       40.4658  -121.4674  -13.3172   0.0466  +10.9542   0.0417   -6.9519   0.0994  -10.1746  -13.6104    3158
  p668       40.5090  -121.4631  -11.2645   0.0354   +6.5022   0.0332   -4.2072   0.1185  -10.1842  -13.6092    4516
  p669       40.4921  -121.6038   -9.1551   0.0276   +8.3399   0.0246   -1.1171   0.1026  -10.1590  -13.6474    4767
  p670       40.5399  -121.5772   -9.2563   0.0204   +7.2452   0.0191   -1.1509   0.0764  -10.1729  -13.6402    5667
  p671       40.4091  -121.4282  -13.0004   0.0341  +12.3242   0.0388   -1.9179   0.1091  -10.1690  -13.5997    4928
  p672       41.7116  -121.5069   -6.9709   0.0180   +6.8493   0.0219   -0.7737   0.0661  -10.4223  -13.6211    5699
  p673       41.5858  -121.6130   -5.3738   0.0229   +7.7078   0.0232   -3.5989   0.0908  -10.3801  -13.6499    4100
  p674       41.6163  -121.4900   -8.3013   0.0249   +6.7296   0.0222   -1.6338   0.0830  -10.4057  -13.6165    5369
  p687       46.1096  -122.3546   +1.1727   0.0250   +6.7992   0.0246   -1.0544   0.0767  -11.1315  -13.8499    4978
  p688       46.0301  -122.1642   +1.4101   0.0243   +5.6654   0.0250   -1.1446   0.0672  -11.1499  -13.7988    4868
  p689       46.1896  -122.3606   +0.8914   0.0353   +7.1339   0.0307   -1.0403   0.0574  -11.1452  -13.8515    4831
  p690       46.1800  -122.1899   +1.2389   0.0782   +7.0173   0.0762   -0.8387   0.1449  -11.1732  -13.8057    3541
  p691       46.2315  -122.2270   +1.0594   0.0305   +7.3061   0.0247   -0.3176   0.0684  -11.1762  -13.8156    5148
  p692       46.2245  -122.1842   +1.9837   0.0280   +6.8231   0.0291   -0.5653   0.0599  -11.1824  -13.8041    5396
  p693       46.2103  -122.2023   +3.1374   0.1125   +5.6287   0.1123   -2.1045   0.1694  -11.1766  -13.8090    3619
  p694       46.2996  -122.1819   +1.3016   0.0429   +7.7764   0.0532   -0.3737   0.0963  -11.1967  -13.8035    3982
  p695       46.1990  -122.1642   +4.4522   0.1345   +4.8769   0.1048   -1.3652   0.1120  -11.1811  -13.7988    4616
  p696       46.1969  -122.1516   +1.5315   0.0416   +6.4444   0.0404   -1.2414   0.0693  -11.1829  -13.7954    5490
  p697       46.1876  -122.1766   -5.7734   0.3427  +10.2126   0.2270   -2.9464   0.1828  -11.1769  -13.8021    3874
  p698       46.1735  -122.1606   +1.8926   0.0438   +6.2642   0.0299   -1.2124   0.0691  -11.1770  -13.7978    5575
  p700       46.1781  -122.2174   +1.1903   0.0260   +6.6103   0.0308   -0.4722   0.0647  -11.1680  -13.8131    5559
  p701       46.1946  -122.1334   +1.5855   0.0321   +6.6854   0.0260   -0.6214   0.0672  -11.1857  -13.7905    5637
  p702       46.3002  -122.3456   +1.0156   0.0301   +7.4534   0.0289   -1.0894   0.0596  -11.1682  -13.8475    5221
  p703       46.1453  -122.1962   +1.1630   0.0312   +5.7762   0.0536   -1.0859   0.0844  -11.1656  -13.8074    4729
  p705       46.1730  -122.3106   +0.8223   0.0398   +6.6756   0.0273   -1.3912   0.0833  -11.1509  -13.8381    4859
  p732       43.3925  -123.8914   -0.2612   0.0193  +10.8773   0.0190   -0.0550   0.0499  -10.3583  -14.2568    5796
  p733       42.4420  -124.4133   +1.0021   0.0153  +14.2128   0.0151   +1.9202   0.0509  -10.0892  -14.3927    5833
  p734       42.0766  -124.2933   -1.4228   0.0171  +13.3899   0.0167   +2.1087   0.0493  -10.0397  -14.3616    5736
  p735       42.6916  -123.2310   -3.4389   0.0202   +9.6903   0.0207   +0.0921   0.0549  -10.3358  -14.0832    5222
  p736       42.5798  -121.8801   -4.5702   0.0164   +7.1579   0.0137   -0.0943   0.0608  -10.5360  -13.7222    5785
  p737       42.7271  -122.6096   -3.6156   0.0206   +8.5789   0.0208   -0.2495   0.0600  -10.4457  -13.9181    3628
  p784       41.8308  -122.4205   -6.0811   0.0231   +8.2471   0.0182   -0.0400   0.0584  -10.3001  -13.8675    5812
  p786       41.8455  -123.9808   -2.4902   0.0197  +12.5492   0.0193   +1.5769   0.0561  -10.0474  -14.2802    5762
  p791       45.3445  -121.6727   +0.1759   0.0701   +6.2626   0.0452   -0.4064   0.1060  -11.1056  -13.6661    3908
  p792       46.2446  -122.1369   +1.7725   0.0403   +6.8743   0.0557   -1.1835   0.1017  -11.1943  -13.7914    2902
  p793       40.4788  -123.5731  -10.6922   0.0253  +11.4734   0.0228   +1.0845   0.0636   -9.8458  -14.1734    5551
  p794       39.8457  -122.9638  -13.4042   0.0278   +9.8817   0.0263   +0.6905   0.0585   -9.8153  -14.0124    4569
  p815       47.9372  -124.5572  +12.6330   0.0207  +11.8033   0.0180   +0.9338   0.0609  -11.0598  -14.4300    3565
  p816       47.9371  -124.5571  +12.7740   0.0182  +11.9152   0.0161   +0.9568   0.0542  -11.0598  -14.4300    3617
  p821       43.1446  -123.4290   -2.6476   0.0569   +9.9119   0.0488   +0.4482   0.1763  -10.3897  -14.1355    2345
  pabh       47.2128  -124.2046  +11.9667   0.0178  +13.2429   0.0143   -0.0545   0.0429  -10.9992  -14.3385    5623
  pcol       47.1721  -122.5708   +2.2813   0.0316   +6.3877   0.0176   -2.3579   0.0573  -11.2874  -13.9078    5738
  pdxa       45.5969  -122.6092   +1.5841   0.0267   +7.2950   0.0192   -3.2592   0.0763  -10.9922  -13.9180    5084
  pfld       47.8985  -122.2822   +2.0514   0.0262   +5.0439   0.0162   -0.9645   0.0601  -11.4694  -13.8305    5639
  pgc5       48.6485  -123.4511   +3.6794   0.0319   +5.7955   0.0215   +0.5581   0.0586  -11.3883  -14.1413    5810
  pkdl       45.5183  -121.5637   -0.0112   0.0303   +6.1098   0.0242   -1.3222   0.0930  -11.1570  -13.6365    4838
  pkwd       46.5998  -121.6770   +0.3025   0.0248   +4.5346   0.0258   +1.0085   0.0977  -11.3399  -13.6673    5477
  pmar       43.9907  -121.6867   -1.3420   0.0317   +5.1108   0.0241   +0.2122   0.0829  -10.8439  -13.6699    4921
  prdy       47.3914  -122.6095   +1.9362   0.0266   +5.8671   0.0189   -1.1157   0.0634  -11.3200  -13.9181    3718
  pspt       42.7548  -122.4895   -4.1845   0.0242   +8.5634   0.0196   -0.8271   0.0686  -10.4709  -13.8860    5307
  ptaa       48.1168  -123.4944   +4.7949   0.0340   +6.3441   0.0326   +2.2140   0.0843  -11.2880  -14.1527    4981
  ptal       49.2563  -124.8610   +4.4826   0.0216   +6.5950   0.0192   +2.7060   0.0529  -11.2257  -14.5083    5835
  ptrf       48.5443  -124.4131   +6.0202   0.0293   +7.7321   0.0250   +2.4320   0.0700  -11.1908  -14.3927    5601
  ptsg       41.7827  -124.2552   -0.0072   0.0185  +14.1298   0.0133   +1.9886   0.0461   -9.9895  -14.3517    5609
  pupu       47.4996  -122.0081   +1.4082   0.0535   +6.5302   0.0514   -1.8135   0.1549  -11.4465  -13.7567    4907
  quad       50.1325  -125.3308   +1.5676   0.0172   +5.4281   0.0182   +3.8210   0.0592  -11.2788  -14.6287    5807
  rdl2       42.9545  -123.3622   -3.1510   0.0637   +9.4093   0.0686   -0.9777   0.2344  -10.3645  -14.1179    1936
  redm       44.2598  -121.1479   -2.3413   0.0205   +5.2120   0.0165   -1.1796   0.0536  -10.9852  -13.5233    5839
  reed       43.7010  -124.1078   +2.2146   0.0240  +11.7957   0.0182   -1.3181   0.0550  -10.3791  -14.3133    5296
  rpt5       47.3875  -122.3748   +1.9397   0.0324   +6.0262   0.0230   -2.0100   0.0730  -11.3612  -13.8553    2879
  rsbg       43.2350  -123.3594   -1.8715   0.0261   +9.4574   0.0253   -1.0285   0.0796  -10.4187  -14.1171    4356
  rymd       46.6841  -123.7304   +5.2214   0.0254   +9.9502   0.0189   +0.1062   0.0581  -10.9919  -14.2147    5573
  samm       47.5399  -122.0332   +1.4081   0.0356   +6.0695   0.0355   -1.4356   0.0792  -11.4493  -13.7635    5621
  sc02       48.5462  -123.0076   +2.8424   0.0305   +5.4961   0.0191   -0.3276   0.0510  -11.4523  -14.0240    5620
  sc03       47.8166  -123.7057   +5.9691   0.0374   +8.3776   0.0423   +3.0303   0.0720  -11.1967  -14.2082    4299
  sc04       48.9232  -123.7041   +3.3838   0.0235   +5.9168   0.0206   +0.7991   0.0543  -11.3885  -14.2078    5806
  seas       45.9842  -123.9224   +6.9440   0.0224  +10.8432   0.0200   +0.7191   0.0571  -10.8316  -14.2650    5321
  seat       47.6540  -122.3095   +1.7639   0.0252   +5.0921   0.0188   -1.7763   0.0596  -11.4208  -13.8378    4955
  sedr       48.5216  -122.2238   +1.5856   0.0238   +4.8625   0.0167   -0.9084   0.0623  -11.5907  -13.8148    5772
  seqm       48.0914  -123.1135   +3.7139   0.0323   +6.5716   0.0297   +0.2721   0.0897  -11.3533  -14.0521    3701
  shrk       45.4643  -121.5288   -1.1885   0.0461   +7.4277   0.0436   -0.9165   0.1082  -11.1527  -13.6271    3195
  skgt       48.4334  -122.3425   +1.7885   0.0364   +5.3212   0.0306   -2.0629   0.1073  -11.5537  -13.8466    2304
  smai       47.5236  -122.3451   +1.7204   0.0240   +5.7536   0.0187   -1.1274   0.0559  -11.3910  -13.8473    5725
  snoq       47.3913  -121.3883   +0.3957   0.0259   +4.8472   0.0223   -1.3508   0.0938  -11.5357  -13.5889    5500
  snrs       46.9146  -121.6436   +7.4213   0.2177   +8.4735   0.1456   +3.7015   0.3588  -11.4037  -13.6582    1908
  ssho       47.6823  -122.3152   +2.0899   0.0255   +5.7103   0.0166   -2.2226   0.0565  -11.4248  -13.8393    5727
  stay       44.8307  -122.8209   +1.1154   0.0232   +7.9814   0.0170   -0.6069   0.0569  -10.8127  -13.9744    5419
  swnb       43.6727  -121.3554   -2.7845   0.0212   +6.2564   0.0172   +0.3368   0.0684  -10.8365  -13.5799    5144
  taco       47.2289  -122.4715   +1.7181   0.0212   +5.9901   0.0202   -2.4276   0.0640  -11.3153  -13.8812    5684
  tdls       45.6077  -121.1295   -0.4728   0.0203   +5.4809   0.0222   -0.0525   0.0713  -11.2474  -13.5183    4690
  tfno       49.1541  -125.9078   +8.1597   0.0267   +8.4035   0.0192   +1.6195   0.0591  -11.0063  -14.7752    5678
  tgua       46.2192  -122.1923   +1.7789   0.0361   +7.1117   0.0348   -1.7264   0.0757  -11.1800  -13.8063    5047
  thar       46.2753  -122.1740   +1.3524   0.0297   +7.3187   0.0384   -0.5801   0.0757  -11.1935  -13.8014    4934
  thun       47.1058  -122.2885   +1.6044   0.0265   +6.1126   0.0175   -1.0761   0.0669  -11.3255  -13.8322    3871
  till       45.4551  -123.8308   +4.8418   0.0261  +10.4541   0.0175   -0.2830   0.0539  -10.7519  -14.2410    5351
  tmbu       43.6018  -121.1446   -3.3306   0.0278   +5.6887   0.0264   +0.9235   0.0876  -10.8571  -13.5224    4807
  tpw2       46.2074  -123.7684   +5.8128   0.0317  +10.0747   0.0231   -0.1822   0.0488  -10.8995  -14.2246    5003
  trnd       41.0539  -124.1509   -0.7776   0.0236  +17.8492   0.0165   -0.3765   0.0510   -9.8654  -14.3246    5764
  tstu       46.2369  -122.2241   -3.1262   0.0318   +3.5844   0.0572   -3.0251   0.0637  -11.1777  -13.8149    5271
  tumw       46.9843  -122.9122   +2.5943   0.0313   +6.3642   0.0345   -0.5438   0.1148  -11.1927  -13.9987    5587
  twhl       47.0159  -122.9229   +3.1149   0.0260   +7.5680   0.0222   -0.4601   0.0528  -11.1965  -14.0015    5716
  twiw       46.2129  -122.1587   -0.0242   0.0630   +7.1240   0.0497   -0.4567   0.0863  -11.1847  -13.7973    4689
  twri       46.1979  -122.2119   +3.8858   0.0729   +6.4565   0.1202   -0.7246   0.1600  -11.1726  -13.8116    3014
  uclu       48.9256  -125.5416   +8.2059   0.0240   +8.9104   0.0199   +2.2046   0.0663  -11.0397  -14.6824    5830
  ufda       47.7550  -122.6674   +2.8746   0.0287   +5.3546   0.0196   -0.3540   0.0602  -11.3747  -13.9335    5707
  vcwa       45.6176  -122.5161   +1.5107   0.0214   +7.2472   0.0160   -1.9069   0.0614  -11.0123  -13.8931    5704
  wacs       46.6754  -122.9700   +2.5628   0.0314   +7.5148   0.0258   -0.7894   0.0790  -11.1266  -14.0141    2205
  wamc       45.2238  -121.2736   -0.4543   0.0192   +5.4368   0.0186   -1.1403   0.0640  -11.1501  -13.5577    5298
  wdbn       45.1709  -122.8701   +1.5811   0.0299   +7.7806   0.0200   -3.3696   0.0764  -10.8678  -13.9875    5311
  wdcb       40.5801  -122.5407  -10.5868   0.0509   +8.4310   0.0504   +1.5691   0.2057  -10.0305  -13.8997    2640
  webg       45.7796  -122.5628   +1.4732   0.0302   +7.7756   0.0190   -0.8191   0.0986  -11.0342  -13.9056    4091
  whd5       48.3127  -122.6961   +2.9459   0.0499   +5.3539   0.0342   -1.1311   0.0699  -11.4683  -13.9412    3178
  wmsg       45.1313  -121.5973   -0.5282   0.0205   +5.3977   0.0228   -0.8978   0.0639  -11.0779  -13.6457    4874
  wosb       50.1607  -126.5704   +2.4478   0.0371   +6.7294   0.0384   +3.1903   0.1470  -11.0377  -14.9416    3093
  wost       50.2124  -126.6050   +2.3642   0.0539   +8.6682   0.0793   +4.0549   0.1211  -11.0390  -14.9502    2232
  wslb       50.1265  -122.9212   +1.4045   0.0331   +4.2543   0.0312   +4.9373   0.2319  -11.7399  -14.0011    3255
  ybhb       41.7317  -122.7107   -5.7388   0.0287   +9.1774   0.0208   +0.6052   0.0731  -10.2336  -13.9451    4480
  yelm       46.9487  -122.6057   +2.1905   0.0277   +6.8652   0.0203   -1.0891   0.0583  -11.2408  -13.9171    3492
  yonc       43.6341  -123.2983   -0.6126   0.0224   +9.2206   0.0226   -0.4927   0.0601  -10.5051  -14.1010    5292
